{"sentences": ["Artificial Intelligence is powerful", "AI is transforming the world", "Machine learning is part of AI", "Dogs are loyal animals", "Cats are cute pets", "Football is a popular sport", "Cricket is loved in India", "Natural Language Processing deals with text"], "similarity_matrix": [[0.9999997615814209, 0.6810610294342041, 0.648530125617981, 0.0476791188120842, 0.1565292477607727, 0.2563745975494385, 0.2277902364730835, 0.2361976057291031], [0.6810610294342041, 1.0, 0.612836480140686, 0.029407422989606857, 0.07616725564002991, 0.14432702958583832, 0.20528340339660645, 0.18721866607666016], [0.648530125617981, 0.612836480140686, 1.000000238418579, 0.055174991488456726, 0.08245551586151123, 0.13528956472873688, 0.13297702372074127, 0.3171544075012207], [0.0476791188120842, 0.029407422989606857, 0.055174991488456726, 0.9999998807907104, 0.4611756205558777, 0.08970454335212708, 0.14969471096992493, 0.036787666380405426], [0.1565292477607727, 0.07616725564002991, 0.08245551586151123, 0.4611756205558777, 1.0000004768371582, 0.16557914018630981, 0.15270137786865234, 0.039634883403778076], [0.2563745975494385, 0.14432702958583832, 0.13528956472873688, 0.08970454335212708, 0.16557914018630981, 1.0000003576278687, 0.40457552671432495, 0.018030280247330666], [0.2277902364730835, 0.20528340339660645, 0.13297702372074127, 0.14969471096992493, 0.15270137786865234, 0.40457552671432495, 1.000000238418579, 0.07361955940723419], [0.2361976057291031, 0.18721866607666016, 0.3171544075012207, 0.036787666380405426, 0.039634883403778076, 0.018030280247330666, 0.07361955940723419, 0.9999997019767761]]}